Patch	Probes	ProbeNumber	gfe	size	protrusion	convexity	compactness	hydrophobicity	charge_density	flexibility	fpocket	all_gfe	all_size	all_protrusion	all_convexity	all_compactness	all_hydrophobicity	all_charge_density	all_flexibility	all_fpocket
Patch1	H2O	1	0.000	1619.207	0.514	0.019	7.556	0.314	-0.017	1.672	0.000	0.000	1619.207	0.514	0.019	7.556	0.314	-0.017	1.672	0.000	
Patch2	H2O	1	0.000	1021.397	0.675	0.020	5.647	0.369	-0.018	2.002	0.000	0.000	1021.397	0.675	0.020	5.647	0.369	-0.018	2.002	0.000	
Patch3	H2O	1	0.000	2210.005	0.490	0.017	10.089	0.541	-0.016	1.554	0.000	0.000	2210.005	0.490	0.017	10.089	0.541	-0.016	1.554	0.000	
Patch4	H2O	1	0.000	1085.870	0.220	0.019	8.028	0.308	-0.021	1.213	0.000	0.000	1085.870	0.220	0.019	8.028	0.308	-0.021	1.213	0.000	
Patch5	H2O	1	0.000	1142.965	0.321	0.019	6.502	0.335	-0.019	0.844	0.000	0.000	1142.965	0.321	0.019	6.502	0.335	-0.019	0.844	0.000	
Patch6	H2O	1	0.000	1953.983	0.223	0.018	9.146	0.310	-0.021	1.300	0.000	0.000	1953.983	0.223	0.018	9.146	0.310	-0.021	1.300	0.000	
Patch7	H2O	1	0.000	1046.820	0.396	0.020	6.729	0.386	-0.019	0.818	0.000	0.000	1046.820	0.396	0.020	6.729	0.386	-0.019	0.818	0.000	
Patch8	H2O	1	0.000	2472.705	0.189	0.018	9.372	0.718	-0.021	0.806	0.000	0.000	2472.705	0.189	0.018	9.372	0.718	-0.021	0.806	0.000	
Patch9	H2O	1	0.000	499.743	0.994	0.020	9.123	0.042	-0.013	2.317	0.000	0.000	499.743	0.994	0.020	9.123	0.042	-0.013	2.317	0.000	
Patch10	H2O	1	0.000	1104.720	0.694	0.018	7.778	0.436	-0.013	2.396	0.000	0.000	1104.720	0.694	0.018	7.778	0.436	-0.013	2.396	0.000	
Patch11	H2O	1	0.000	1731.601	0.309	0.019	8.434	0.436	-0.017	0.945	0.000	0.000	1731.601	0.309	0.019	8.434	0.436	-0.017	0.945	0.000	
Patch12	H2O	1	0.000	969.219	0.571	0.018	6.193	0.178	-0.014	2.484	0.000	0.000	969.219	0.571	0.018	6.193	0.178	-0.014	2.484	0.000	
Patch13	H2O	1	0.000	953.218	0.543	0.020	7.706	-0.406	-0.016	2.009	0.000	0.000	953.218	0.543	0.020	7.706	-0.406	-0.016	2.009	0.000	
Patch14	H2O	1	0.000	1461.860	0.371	0.019	7.637	0.498	-0.019	1.722	0.000	0.000	1461.860	0.371	0.019	7.637	0.498	-0.019	1.722	0.000	
Patch15	H2O	1	0.000	1392.866	0.288	0.014	6.874	0.675	-0.021	1.512	0.000	0.000	1392.866	0.288	0.014	6.874	0.675	-0.021	1.512	0.000	
Patch16	H2O	1	0.000	1343.419	0.375	0.016	8.633	0.472	-0.017	1.553	0.000	0.000	1343.419	0.375	0.016	8.633	0.472	-0.017	1.553	0.000	
Patch17	H2O	1	0.000	1203.310	0.481	0.015	8.398	0.305	-0.014	1.729	0.000	0.000	1203.310	0.481	0.015	8.398	0.305	-0.014	1.729	0.000	
Patch18	H2O	1	0.000	711.410	0.167	0.017	5.405	0.332	-0.022	0.652	0.000	0.000	711.410	0.167	0.017	5.405	0.332	-0.022	0.652	0.000	
Patch19	H2O	1	0.000	2132.682	0.000	0.015	8.274	1.163	-0.056	0.640	0.000	0.000	2132.682	0.000	0.015	8.274	1.163	-0.056	0.640	0.000	
Patch20	H2O	1	0.000	527.756	0.485	0.019	5.156	0.502	-0.012	0.803	0.000	0.000	527.756	0.485	0.019	5.156	0.502	-0.012	0.803	0.000	
Patch21	H2O	1	0.000	1165.099	0.340	0.014	6.665	0.326	-0.015	0.892	0.000	0.000	1165.099	0.340	0.014	6.665	0.326	-0.015	0.892	0.000	
Patch22	H2O	1	0.000	438.918	0.445	0.025	4.513	1.313	-0.015	0.689	0.000	0.000	438.918	0.445	0.025	4.513	1.313	-0.015	0.689	0.000	
Patch23	H2O	1	0.000	1005.189	0.237	0.015	7.090	0.060	-0.018	0.811	0.000	0.000	1005.189	0.237	0.015	7.090	0.060	-0.018	0.811	0.000	
Patch24	H2O	1	0.000	798.519	0.572	0.024	5.672	0.310	-0.013	1.067	0.000	0.000	798.519	0.572	0.024	5.672	0.310	-0.013	1.067	0.000	
Patch25	H2O	1	0.000	670.756	0.594	0.017	6.162	-0.272	-0.014	2.898	0.000	0.000	670.756	0.594	0.017	6.162	-0.272	-0.014	2.898	0.000	
Patch26	H2O	1	0.000	627.853	0.400	0.018	5.586	-0.178	-0.015	1.084	0.000	0.000	627.853	0.400	0.018	5.586	-0.178	-0.015	1.084	0.000	
Patch27	H2O	1	0.000	929.629	0.454	0.020	6.905	0.338	-0.016	1.982	0.000	0.000	929.629	0.454	0.020	6.905	0.338	-0.016	1.982	0.000	
Patch28	H2O	1	0.000	1053.930	0.148	0.016	5.900	0.649	-0.032	0.731	0.000	0.000	1053.930	0.148	0.016	5.900	0.649	-0.032	0.731	0.000	
Patch29	H2O	1	0.000	1053.419	0.206	0.014	6.269	0.295	-0.021	0.790	0.000	0.000	1053.419	0.206	0.014	6.269	0.295	-0.021	0.790	0.000	
Patch30	H2O	1	0.000	660.757	0.374	0.018	5.981	-0.017	-0.024	0.764	0.000	0.000	660.757	0.374	0.018	5.981	-0.017	-0.024	0.764	0.000	
Patch31	H2O	1	0.000	801.419	0.374	0.017	5.877	0.629	-0.019	0.943	0.000	0.000	801.419	0.374	0.017	5.877	0.629	-0.019	0.943	0.000	
Patch32	H2O	1	0.000	883.377	0.148	0.015	5.762	0.396	-0.022	0.710	0.000	0.000	883.377	0.148	0.015	5.762	0.396	-0.022	0.710	0.000	
Patch33	H2O	1	0.000	896.846	0.266	0.016	5.523	0.088	-0.013	1.059	0.000	0.000	896.846	0.266	0.016	5.523	0.088	-0.013	1.059	0.000	
Patch34	H2O	1	0.000	1309.395	0.412	0.021	6.852	0.177	-0.018	0.834	0.000	0.000	1309.395	0.412	0.021	6.852	0.177	-0.018	0.834	0.000	
Patch35	H2O	1	0.000	1029.907	0.623	0.018	5.949	0.265	-0.013	2.623	0.000	0.000	1029.907	0.623	0.018	5.949	0.265	-0.013	2.623	0.000	
Patch36	H2O	1	0.000	961.424	0.494	0.016	6.366	0.151	-0.016	2.512	0.000	0.000	961.424	0.494	0.016	6.366	0.151	-0.016	2.512	0.000	
Patch37	H2O	1	0.000	891.274	0.433	0.015	6.077	-0.117	-0.017	0.874	0.000	0.000	891.274	0.433	0.015	6.077	-0.117	-0.017	0.874	0.000	
